82 23 45 85 7 33 93 26 43 90 7 45 78 1 104 1 83 113 10 67 123 13 71 104 22 83 43 87 154 104 1 83 32 20 90 123 121 55 122 115 59 31 99 14 109 112 3 49
4 70 94 3 86 82 11 75 88 12 86 94 24 80 27 87 2 9 90 19 2 88 26 27 64 2 88 1 203 27 87 2 112 3 78 65 34 124 115 95 111 116 90 123 67 23 120 117
51 15 30 52 31 18 60 2 24 59 31 30 47 25 91 96 75 72 110 93 79 107 89 91 119 75 24 54 130 91 96 75 51 34 55 27 8 47 85 38 39 53 55 72 93 7 86 35
89 2 76 94 18 64 86 15 74 81 18 76 69 20 9 10 70 29 4 87 24 4 86 9 29 70 74 92 143 9 10 70 6 7 7 126 1 95 116 20 63 106 124 75 22 126 27 91
28 39 28 27 55 16 19 42 26 20 55 28 0 49 89 79 99 78 65 118 72 64 114 89 88 99 26 25 170 89 79 99 37 83 41 78 52 106 64 79 18 93 38 119 76 8 12 11
59 34 59 60 50 55 52 47 61 51 50 59 39 52 126 104 102 111 106 114 105 98 126 126 127 102 61 62 175 126 104 102 104 62 117 23 30 31 97 126 5 48 99 118 24 101 54 59
19 66 30 20 82 18 28 79 24 27 82 30 15 84 91 64 6 76 67 18 77 75 31 91 87 6 24 22 207 91 64 6 38 24 107 48 15 15 1 28 79 53 64 87 53 20 11 87
60 83 5 59 67 9 51 94 3 52 67 5 32 69 64 111 23 83 100 7 84 103 0 64 120 23 3 57 222 64 111 23 50 38 31 68 34 106 58 58 118 95 28 12 90 120 124 19
69 6 37 66 22 41 74 11 35 77 22 37 89 16 96 22 66 114 25 82 115 21 86 96 1 66 35 64 139 96 22 66 31 24 86 47 91 6 24 81 31 39 0 47 107 24 64 108
71 40 70 64 56 74 72 37 64 79 56 70 91 62 3 20 108 22 30 120 19 29 127 3 3 108 64 66 165 3 20 108 75 117 57 125 75 25 117 100 52 107 65 14 114 65 39 7
83 18 35 84 2 47 92 31 37 91 2 35 79 4 102 0 86 126 3 79 116 2 68 102 23 86 37 86 159 102 0 86 52 87 6 116 65 88 100 21 76 33 108 6 101 75 29 23
4 20 61 3 4 49 11 25 59 12 4 61 24 2 120 87 80 109 93 64 109 94 71 120 64 80 59 1 153 120 87 80 59 40 71 17 88 8 34 53 3 19 34 48 13 20 40 27
45 73 30 42 89 18 34 68 24 37 89 30 49 95 91 126 13 78 125 31 74 116 21 91 105 13 24 40 196 91 126 13 48 22 66 10 118 101 75 42 120 77 105 2 33 24 25 88
72 46 58 79 62 54 71 35 60 64 62 58 84 56 127 27 106 103 16 120 111 25 125 127 12 106 60 77 163 127 27 106 43 104 103 53 96 44 13 121 45 28 6 13 103 108 114 5
79 75 81 72 91 93 64 70 87 71 91 81 83 93 20 28 15 2 18 26 12 31 25 20 11 15 87 74 198 20 28 15 100 121 108 22 68 114 10 64 0 72 15 29 112 31 10 99
64 49 73 71 33 69 79 60 79 72 33 73 92 39 12 19 117 26 26 96 31 31 96 12 4 117 79 69 188 12 19 117 105 83 111 24 114 34 102 18 33 123 81 46 23 15 107 89
67 60 15 68 44 3 76 49 9 75 44 15 95 42 74 16 120 92 24 109 91 24 110 74 7 120 9 70 177 74 16 120 67 119 19 29 23 17 37 16 59 91 74 46 94 126 126 12
90 20 82 93 4 94 85 25 84 82 4 82 70 2 23 9 80 5 2 71 2 11 65 23 30 80 84 95 153 23 9 80 111 7 20 15 102 89 125 16 68 31 106 63 92 1 94 67
61 62 93 58 46 81 50 51 91 53 46 93 33 40 24 110 122 9 109 110 14 103 109 24 121 122 91 56 179 24 110 122 87 22 96 95 14 3 92 51 48 74 26 106 68 59 22 100
15 0 64 8 16 76 0 13 70 7 16 64 19 22 5 92 68 17 94 92 20 86 87 5 75 68 70 10 141 5 92 68 6 74 58 115 18 28 100 65 29 23 45 71 111 87 41 110
90 93 38 93 77 42 85 80 32 82 77 38 70 75 99 9 25 118 6 14 119 11 13 99 30 25 32 95 208 99 9 25 28 84 113 105 117 108 127 10 67 110 112 75 111 108 67 55
3 77 22 4 93 26 12 64 16 11 93 22 31 91 83 80 9 71 92 16 75 92 24 83 71 9 16 6 192 83 80 9 38 41 30 90 55 24 5 25 116 46 73 125 26 77 6 3
94 59 11 89 43 7 81 54 13 86 43 11 66 45 78 13 127 89 1 104 89 6 104 78 26 127 13 91 182 78 13 127 91 88 35 79 92 19 8 115 13 30 20 122 36 108 122 44
33 5 27 38 21 23 46 8 29 41 21 27 61 19 94 114 65 74 127 82 70 127 88 94 101 65 29 36 136 94 114 65 66 15 85 24 12 80 75 56 84 48 41 42 48 14 23 20
39 16 66 32 0 78 40 29 68 47 0 66 59 6 7 116 84 31 121 68 22 118 76 7 99 84 68 34 157 7 116 84 113 115 60 26 7 85 123 104 80 0 2 7 66 26 72 70
55 86 61 48 70 49 56 91 59 63 70 61 43 64 120 100 18 107 105 4 97 104 7 120 115 18 59 50 219 120 100 18 125 31 11 4 44 25 41 12 94 106 36 75 112 39 23 24
91 47 59 92 63 55 84 34 61 83 63 59 71 57 126 8 107 102 6 124 107 2 115 126 31 107 61 94 162 126 8 107 14 88 22 9 123 117 121 117 17 104 103 125 41 90 49 28
43 41 28 44 57 16 36 36 26 35 57 28 55 63 89 120 109 65 114 124 77 116 121 89 111 109 26 46 164 89 120 109 86 38 60 15 18 63 24 11 42 8 63 123 62 100 5 74
69 47 80 66 63 92 74 34 86 77 63 80 89 57 21 22 107 7 26 120 13 27 127 21 1 107 86 64 162 21 22 107 69 71 12 27 25 101 93 7 54 29 72 3 95 71 39 91
50 76 52 53 92 56 61 65 50 58 92 52 46 90 113 97 8 104 109 28 104 99 26 113 118 8 50 55 193 113 97 8 122 4 2 99 37 110 117 120 17 126 20 11 116 40 22 21
39 23 19 32 7 31 40 26 21 47 7 19 59 1 86 116 83 69 122 74 78 110 94 86 45 31 159 110 73 86 40 94 63 55 9 10 61 10 61 27 28 57 96 27 90 37
86 70 28 81 86 16 89 75 26 94 86 28 74 80 89 5 2 75 7 17 78 14 22 89 18 2 26 83 203 89 5 2 20 0 6 56 3 1 8 67 1 88 126 108 16 2 3 21
56 86 63 63 70 51 55 91 57 48 70 63 36 64 122 107 18 108 103 5 105 105 18 119 113 81 54 184 18 96 113 93 102 8 88 57 45 108 39 61 94 2 8 125 48 16 16
92 12 84 91 28 88 83 1 82 84 28 84 64 26 17 15 72 6 7 92 5 12 94 17 24 72 82 89 129 17 15 72 18 85 93 16 20 46 123 99 41 31 15 63 84 64 5 92
74 66 92 77 82 80 69 79 90 66 82 92 86 84 25 25 6 1 22 20 10 16 21 25 14 6 90 79 207 25 25 6 21 105 66 108 16 16 106 117 72 15 11 14 85 105 20 1
35 34 39 36 50 43 44 47 33 43 50 39 63 52 98 112 102 123 126 119 115 123 118 98 103 102 33 38 175 98 112 102 99 23 113 115 19 99 19 56 63 44 124 1 112 121 56 114
83 91 9 84 75 5 92 86 15 91 75 9 79 77 76 0 31 90 13 15 92 2 6 76 23 31 15 86 214 76 0 31 47 14 8 45 7 18 95 105 102 37 13 76 73 118 14 4
8 17 13 15 1 1 7 28 11 0 1 13 20 7 72 91 85 89 86 64 92 82 67 72 76 85 11 13 156 72 91 85 38 25 46 8 86 33 56 78 25 74 36 8 41 53 3 17
84 78 4 83 94 8 91 67 2 92 94 4 72 88 65 7 10 86 8 31 81 12 31 65 16 10 2 81 195 65 7 10 56 77 102 34 120 28 33 75 94 52 18 126 3 20 78 64
80 33 18 87 49 30 95 44 20 88 49 18 76 55 87 3 101 64 11 125 67 14 101 90 25 38 27 208 101 77 25 117 36 8 52 67 20 46 43 5 18 31 78 54 49 88 11
34 42 46 37 58 34 45 39 40 42 58 46 62 60 107 113 110 126 120 121 120 121 110 102 107 45 39 162 110 113 107 102 6 119 39 23 27 57 8 115 9 46 110 35 126 108 96
5 57 16 2 41 28 10 52 22 13 41 16 25 47 85 86 125 64 91 108 64 89 110 85 65 125 22 0 180 85 86 125 31 55 102 54 43 9 94 14 53 19 62 27 71 33 14 87
87 49 50 80 33 62 88 60 52 95 33 50 75 39 119 4 117 100 11 96 98 9 99 119 19 117 52 82 188 119 4 117 2 120 31 120 93 41 30 23 104 98 13 57 101 1 2 17
14 29 39 9 13 43 1 16 33 6 13 39 18 11 98 93 89 116 95 76 115 81 72 98 74 89 33 11 144 98 93 89 102 31 47 27 5 80 101 54 2 25 85 84 109 76 77 11
91 77 7 92 93 11 84 64 1 83 93 7 71 91 66 8 9 84 2 31 84 3 29 66 31 9 1 94 192 66 8 9 56 93 15 23 92 116 10 11 1 27 92 100 16 93 102 84
30 30 25 25 14 21 17 19 31 22 14 25 2 8 92 77 90 77 70 74 73 69 74 92 90 90 31 27 147 92 77 90 47 6 92 94 89 50 84 16 86 42 34 8 69 65 39 73
5 38 93 2 54 81 10 43 91 13 54 93 25 48 24 86 98 0 93 118 8 92 123 24 65 98 91 0 171 24 86 98 22 22 27 117 62 107 20 74 4 75 88 122 31 56 120 84
39 36 41 32 52 37 40 41 47 47 52 41 59 50 108 116 96 120 118 113 123 124 119 108 99 96 47 34 169 108 116 96 46 2 2 5 105 5 31 18 125 61 38 30 30 104 6 32
58 16 57 61 0 53 53 29 63 50 0 57 38 6 124 105 84 100 106 76 105 97 66 124 126 84 63 63 157 124 105 84 2 119 82 8 19 82 3 99 91 31 30 63 96 55 24 97
72 63 78 79 47 66 71 50 72 64 47 78 84 41 11 27 123 30 16 98 30 19 123 6 1 56 71 200 123 17 1 10 70 81 62 121 101 3 30 78 57 101 28 60 8 127 99
31 87 77 24 71 65 16 90 75 23 71 77 3 65 8 76 19 16 68 2 17 78 5 8 91 19 75 26 218 8 76 19 78 82 101 66 15 126 80 87 88 25 79 72 27 34 82 3
78 62 1 73 46 13 65 51 7 70 46 1 82 40 68 29 122 86 31 109 87 16 106 68 10 122 7 75 179 68 29 122 8 18 118 53 118 55 44 81 119 19 22 124 73 0 46 59
74 37 2 77 53 14 69 40 4 66 53 2 86 51 71 25 97 81 20 116 81 27 118 71 14 97 4 79 168 71 25 97 11 13 104 52 88 108 42 19 29 81 21 121 2 73 29 14
12 78 43 11 94 39 3 67 45 4 94 43 16 88 110 95 10 120 85 18 118 85 29 110 72 10 45 9 195 110 95 10 100 87 104 56 19 80 9 78 119 59 65 76 108 95 81 17
93 1 68 90 17 72 82 12 66 85 17 68 65 23 1 14 69 18 1 87 19 5 86 1 25 69 66 88 140 1 14 69 83 101 1 76 7 77 12 88 1 0 113 62 22 118 43 23
60 23 46 59 7 34 51 26 40 52 7 46 32 1 107 111 83 115 101 65 121 100 67 107 120 83 40 57 154 107 111 83 102 47 27 120 24 89 63 0 30 33 15 75 35 40 63 123
65 69 77 70 85 65 78 72 75 73 85 77 93 83 8 18 1 28 31 20 30 26 22 8 5 1 75 68 200 8 18 1 70 73 31 97 28 9 75 103 93 125 13 81 31 97 73 29
24 16 8 31 0 4 23 29 14 16 0 8 4 6 77 75 84 89 70 69 92 72 68 77 92 84 14 29 157 77 75 84 65 85 7 1 79 92 1 80 26 46 25 21 5 12 82 91
70 16 34 65 0 46 73 29 36 78 0 34 90 6 103 21 84 118 25 68 127 26 66 103 2 84 36 67 157 103 21 84 115 90 4 40 87 13 107 84 28 121 97 34 8 74 80 35
88 32 28 95 48 16 87 45 26 80 48 28 68 54 89 11 100 76 0 124 76 9 118 89 28 100 26 93 173 89 11 100 91 101 14 21 23 8 52 94 119 11 109 36 95 108 40 85
26 79 71 29 95 75 21 66 65 18 95 71 6 89 2 73 11 16 74 19 17 68 11 15 83 72 78 154 11 24 83 112 84 90 25 94 51 93 0 34 73 65 41 119 113 10 70
2 45 90 5 61 86 13 32 92 10 61 90 30 59 31 81 105 6 93 124 6 82 127 31 70 105 92 7 160 31 81 105 116 21 61 84 80 62 80 32 12 28 93 3 74 84 1 7
36 22 21 35 6 25 43 27 19 44 6 21 56 0 80 119 82 69 120 74 67 125 66 80 96 82 19 33 155 80 119 82 19 61 91 39 57 88 70 4 21 13 102 94 26 49 92 18
59 51 70 60 35 74 52 62 64 51 35 70 39 37 3 104 119 16 96 103 17 101 103 3 127 119 64 62 190 3 104 119 117 50 126 105 111 25 106 54 110 114 30 12 82 3 47 82
76 77 49 75 93 61 67 64 55 68 93 49 80 91 116 31 9 101 21 26 99 22 9 121 5 74 56 204 9 110 5 122 7 107 66 3 12 0 47 94 79 105 100 10 29 127 101
86 89 29 81 73 17 89 84 27 94 73 29 74 79 88 5 29 77 9 10 72 10 12 88 18 29 27 83 212 88 5 29 35 94 13 33 65 88 46 21 106 94 69 68 74 125 72 69
1 69 54 6 85 58 14 72 48 9 85 54 29 83 115 82 1 96 93 17 98 90 25 115 69 1 48 4 200 115 82 1 107 49 65 0 53 111 21 45 81 12 7 5 63 31 87 54
52 44 65 51 60 77 59 33 71 60 60 65 40 58 4 103 104 29 105 127 20 108 126 4 112 104 71 49 161 4 103 104 64 112 5 119 39 34 98 63 48 80 54 16 125 10 41 80
32 69 54 39 85 58 47 72 48 40 85 54 60 83 115 115 1 100 124 22 99 112 19 115 100 1 48 37 200 115 115 1 63 52 64 124 9 105 63 106 15 56 7 23 36 114 110 21
51 1 89 52 17 85 60 12 95 59 17 89 47 23 28 96 69 4 99 93 13 111 69 17 122 6 80 179 69 6 122 80 71 54 28 5 27 71 90 5 63 76 30 68 23 61 48
82 41 28 85 57 16 93 36 26 90 57 28 78 63 89 1 109 79 11 121 74 14 125 89 22 109 26 87 164 89 1 109 11 19 42 64 17 113 30 73 123 35 80 4 21 97 57 50
17 13 73 22 29 69 30 0 79 25 29 73 13 27 12 66 73 31 78 91 24 74 90 12 85 73 79 20 128 12 66 73 22 44 64 3 61 18 105 5 25 3 74 70 90 74 32 77
45 31 27 42 15 23 34 18 29 37 15 27 49 9 94 126 91 70 125 76 74 115 67 94 105 91 29 40 146 94 126 91 86 23 78 25 111 89 70 13 88 86 1 13 31 99 52 36
32 28 45 39 12 33 47 17 43 40 12 45 60 10 104 115 88 126 120 76 124 126 73 104 100 88 43 37 145 104 115 88 23 104 31 109 103 50 116 43 61 5 59 51 28 27 11 15
46 48 49 41 32 61 33 61 55 38 32 49 50 38 116 125 116 99 118 101 108 118 116 121 103 55 56 174 116 110 103 32 99 101 100 1 63 61 31 24 15 45 97 110 47 41 2
69 95 14 66 79 2 74 82 8 77 79 14 89 73 75 22 27 92 26 12 91 20 8 75 1 27 8 64 210 75 22 27 44 106 9 59 66 25 88 107 3 0 9 69 27 78 123 82
42 20 67 45 4 79 37 25 69 34 4 67 54 2 6 121 80 31 116 68 16 123 65 6 110 80 69 47 153 6 121 80 122 44 63 83 59 13 90 123 11 9 6 27 79 101 66 75
0 65 65 7 81 77 15 76 71 8 81 65 28 87 4 83 5 16 88 28 18 94 19 4 68 5 71 5 204 4 83 5 99 92 74 106 37 117 90 70 120 111 15 64 123 77 100 30
71 91 27 64 75 23 72 86 29 79 75 27 91 77 94 20 31 70 25 15 73 31 14 94 3 31 29 66 214 94 20 31 95 71 116 55 69 102 81 98 86 36 19 3 79 19 127 9
36 55 17 35 39 29 43 58 23 44 39 17 56 33 84 119 115 77 122 106 66 125 107 84 96 115 23 33 186 84 119 115 16 11 39 2 10 4 14 110 5 68 38 39 29 98 53 8
89 72 25 94 88 21 86 69 31 81 88 25 69 94 92 10 12 74 5 24 77 6 12 81 16 79 16 217 12 70 16 5 53 120 87 82 19 22 50 112 28 45 103 115 79 1 87
6 53 64 1 37 76 9 56 70 14 37 64 26 35 5 85 113 20 89 100 19 88 113 8 79 50 73 134 113 31 79 117 114 1 126 21 24 112 31 27 121 70 3 120 14 75 124
69 42 14 66 58 2 74 39 8 77 58 14 89 60 75 22 110 90 20 127 88 28 126 75 1 110 8 64 167 75 22 110 69 66 121 27 76 104 59 28 34 29 96 47 18 125 123 37
94 30 92 89 14 80 81 19 90 86 14 92 66 8 25 13 90 11 4 76 1 1 75 25 26 90 90 91 147 25 13 90 124 98 80 96 66 39 98 3 21 75 12 12 126 30 79 80
23 6 53 16 22 57 24 11 51 31 22 53 11 16 112 68 66 101 74 87 102 77 84 112 83 66 51 18 139 112 68 66 62 39 81 6 4 40 59 23 13 58 89 31 7 86 3 39
47 77 7 40 93 11 32 64 1 39 93 7 51 91 66 124 9 80 116 27 91 117 28 66 107 9 1 42 192 66 124 9 58 123 104 23 11 107 90 104 26 52 27 19 63 45 81 33
13 10 18 10 26 30 2 7 20 5 26 18 17 28 87 94 78 78 93 87 67 86 88 87 73 78 20 8 135 87 94 78 10 43 87 77 49 31 48 34 90 45 94 64 78 90 21 58
86 25 20 81 9 24 89 20 18 94 9 20 74 15 81 5 93 73 8 79 66 15 75 81 18 93 18 83 148 81 5 93 35 10 41 89 113 27 42 76 87 15 10 66 75 69 27 31
77 40 66 74 56 78 66 37 68 69 56 66 81 62 7 30 108 20 28 121 23 19 121 7 9 108 68 72 165 7 30 108 11 119 106 26 107 20 4 95 15 71 66 34 123 118 41 110
13 59 27 10 43 23 2 54 29 5 43 27 17 45 94 94 127 76 87 102 78 83 106 94 73 127 29 8 182 94 94 127 17 7 54 18 50 28 23 55 35 64 91 60 46 21 28 3
65 58 33 70 42 45 78 55 39 73 42 33 93 44 100 18 126 117 28 110 112 16 111 100 5 126 39 68 183 100 18 126 27 86 37 118 115 119 15 122 38 22 122 52 19 102 118 104
61 45 30 58 61 18 50 32 24 53 61 30 33 59 91 110 105 74 102 121 76 103 127 91 121 105 24 56 160 91 110 105 5 112 30 90 99 111 75 39 112 62 61 4 88 41 104 3
66 9 81 69 25 93 77 4 87 74 25 81 94 31 20 17 77 13 25 85 4 30 93 20 6 77 87 71 132 20 17 77 70 102 82 9 5 95 18 103 90 86 118 16 90 96 39 125
87 4 38 80 20 42 88 9 32 95 20 38 75 18 99 4 64 117 15 88 122 9 88 99 19 64 32 82 137 99 4 64 111 123 14 43 124 0 120 69 79 124 85 22 11 66 26 106
80 83 34 87 67 46 95 94 36 88 67 34 76 69 103 3 23 113 15 5 117 1 6 103 20 23 36 85 222 103 3 23 15 86 102 115 26 4 59 76 98 28 102 10 62 85 82 43
24 67 67 31 83 79 23 78 69 16 83 67 4 85 6 75 7 17 71 30 16 64 21 6 92 7 69 29 206 6 75 7 107 33 12 26 66 66 93 24 120 26 0 92 92 22 92 113
72 47 34 79 63 46 71 34 36 64 63 34 84 57 103 27 107 113 17 123 117 17 122 103 12 107 36 77 162 103 27 107 23 110 7 36 74 33 127 110 7 117 121 102 17 72 8 112
32 25 1 39 9 13 47 20 7 40 9 1 60 15 68 115 93 86 123 72 82 122 69 68 100 93 7 37 148 68 115 93 94 34 70 70 14 81 21 123 63 13 10 70 34 50 20 16
1 16 74 6 0 70 14 29 76 9 0 74 29 6 15 82 84 25 81 76 27 91 68 15 69 84 76 4 157 15 82 84 14 85 33 108 26 47 112 92 6 87 50 87 117 35 69 70
9 78 62 14 94 50 6 67 56 1 94 62 21 88 123 90 10 110 83 19 107 84 31 123 77 10 56 12 195 123 90 10 100 32 6 105 82 74 33 24 89 114 52 89 44 60 124 118
21 83 30 18 67 18 26 94 24 29 67 30 9 69 91 70 23 76 75 0 77 68 23 86 92 84 23 149 23 65 92 22 44 69 96 30 69 117 48 5 26 12 69 69 5 4 29
11 36 74 12 52 70 4 41 76 3 52 74 23 50 15 88 96 24 91 114 27 81 120 15 79 96 76 14 169 15 88 96 93 23 50 78 47 46 127 82 25 21 50 126 93 51 39 7
8 11 77 15 27 65 7 6 75 0 27 77 20 29 8 91 79 30 80 94 28 88 89 8 76 79 75 13 134 8 91 79 102 83 93 11 32 58 115 71 51 14 13 18 109 55 60 100
33 35 83 38 51 95 46 46 85 41 51 83 61 53 22 114 103 5 123 127 6 113 118 22 101 103 85 36 174 22 114 103 66 37 104 30 61 119 82 5 14 9 96 55 15 127 27 11
45 77 64 42 93 76 34 64 70 37 93 64 49 91 5 126 9 18 118 29 19 117 17 5 105 9 70 40 192 5 126 9 26 36 98 76 63 26 0 113 13 78 60 102 6 43 124 3
28 19 4 27 3 8 19 30 2 20 3 4 0 5 65 79 87 87 67 66 81 76 68 65 88 87 2 25 158 65 79 87 2 50 25 25 4 85 88 23 63 15 73 4 61 31 48 89
88 54 79 95 38 67 87 59 73 80 38 79 68 32 10 11 114 25 1 106 24 0 102 10 28 114 73 93 187 10 11 114 28 14 124 22 71 42 123 16 112 78 16 103 109 24 40 73
63 38 51 56 54 63 48 43 53 55 54 51 35 48 118 108 98 100 96 117 100 100 114 118 123 98 53 58 171 118 108 98 0 123 99 61 5 12 5 54 3 98 61 105 37 102 33 24
6 36 24 1 52 20 9 41 30 14 52 24 26 50 93 85 96 76 89 115 68 95 113 93 66 96 30 3 169 93 85 96 43 89 12 9 15 2 67 18 47 34 89 102 22 53 37 66
32 64 32 39 80 44 47 77 38 40 80 32 60 86 101 115 4 116 120 19 114 123 16 101 100 4 38 37 205 101 115 4 51 123 105 38 32 0 32 3 10 52 59 87 54 1 68 97
83 19 24 84 3 20 92 30 30 91 3 24 79 5 93 0 87 74 13 69 68 12 70 93 23 87 30 86 158 93 0 87 26 83 65 85 98 64 80 8 12 29 9 45 34 15 64 81
25 18 12 30 2 0 22 31 10 17 2 12 5 4 73 74 86 92 70 71 90 65 70 73 93 86 10 28 159 73 74 86 13 73 20 5 26 82 32 68 21 62 35 34 30 91 45 24
71 7 70 64 23 74 72 10 64 79 23 70 91 17 3 20 67 17 23 85 20 24 83 3 3 67 64 66 138 3 20 67 109 20 27 112 5 65 111 16 20 81 67 65 18 23 39 2
80 14 9 87 30 5 95 3 15 88 30 9 76 24 76 3 74 95 13 82 92 0 95 76 20 74 15 85 131 76 3 74 59 117 63 35 2 55 45 68 2 83 122 29 51 124 3 3
18 28 67 21 12 79 29 17 69 26 12 67 14 10 6 65 88 20 78 73 23 75 76 6 86 88 69 23 145 6 65 88 68 57 90 94 79 54 113 70 55 94 80 27 17 56 22 66
71 80 12 64 64 0 72 93 10 79 64 12 91 70 73 20 20 90 25 2 90 29 13 73 3 20 10 66 221 73 20 20 39 121 115 89 11 108 68 112 125 60 108 103 14 74 124 20
61 24 36 58 8 40 50 21 34 53 8 36 33 14 97 110 92 115 109 75 112 101 69 97 121 92 34 56 149 97 110 92 109 46 48 106 7 7 108 48 2 20 57 83 36 112 75 103
80 16 83 87 0 95 95 29 85 88 0 83 76 6 22 3 84 5 10 67 7 13 69 22 20 84 85 85 157 22 3 84 87 100 33 65 95 10 112 76 89 29 101 70 7 90 62 74
4 9 5 3 25 9 11 4 3 12 25 5 24 31 64 87 77 87 85 91 85 94 92 64 64 77 3 1 132 64 87 77 77 95 1 60 48 2 60 30 19 75 5 19 52 74 69 69
76 90 34 75 74 46 67 87 36 68 74 34 80 76 103 31 30 116 16 6 115 16 7 103 8 30 36 73 215 103 31 30 116 118 90 36 13 6 22 0 15 98 10 110 115 91 8 23
31 83 67 24 67 79 16 94 69 23 67 67 3 69 6 76 23 16 71 3 23 67 6 6 91 23 69 26 222 6 76 23 126 87 90 105 70 1 18 39 78 97 18 99 30 3 67 127
64 63 76 71 47 64 79 50 74 72 47 76 92 41 9 19 123 16 24 104 29 16 109 9 4 123 74 69 178 9 19 123 96 105 2 112 1 111 66 66 49 25 30 111 11 99 122 116
46 25 46 41 9 34 33 20 40 38 9 46 50 15 107 125 93 121 113 75 126 116 69 107 106 93 40 43 148 107 125 93 1 44 1 50 40 32 119 54 0 120 115 56 125 40 47 125
47 81 32 40 65 44 32 92 38 39 65 32 51 71 101 124 21 124 127 6 112 112 1 101 107 21 38 42 220 101 124 21 54 3 5 113 48 79 97 5 18 31 52 80 109 55 113 26
61 25 86 58 9 90 50 20 80 53 9 86 33 15 19 110 93 0 100 78 1 109 74 19 121 93 80 56 148 19 110 93 18 63 48 8 4 21 127 104 60 65 10 38 97 18 64 81
75 47 48 76 63 60 68 34 54 67 63 48 87 57 117 24 107 103 20 125 108 22 114 117 15 107 54 78 162 117 24 107 56 10 57 23 4 115 118 77 110 29 80 98 41 85 121 33
7 48 54 0 32 58 8 61 48 15 32 54 27 38 115 84 116 96 93 97 107 89 108 115 67 116 48 2 189 115 84 116 52 67 22 117 42 22 15 6 4 40 3 20 112 71 24 23
10 13 90 13 29 86 5 0 92 2 29 90 22 27 31 89 73 6 91 95 14 85 93 31 78 73 92 15 128 31 89 73 7 31 91 114 91 11 23 63 6 77 44 1 81 46 17 15
46 38 30 41 54 18 33 43 24 38 54 30 50 48 91 125 98 76 126 117 77 116 118 91 106 98 24 43 171 91 125 98 25 59 42 41 25 120 36 122 51 50 11 116 71 16 103 81
25 2 12 30 18 0 22 15 10 17 18 12 5 20 73 74 70 92 68 87 81 67 85 73 93 70 10 28 143 73 74 70 76 32 17 60 24 77 31 85 73 33 79 92 5 54 66 27
14 10 27 9 26 23 1 7 29 6 26 27 18 28 94 93 78 73 84 90 72 84 94 94 74 78 29 11 135 94 93 78 38 3 39 88 65 32 14 53 11 90 82 51 59 70 21 79
67 42 30 68 58 18 76 39 24 75 58 30 95 60 91 16 110 72 19 126 74 27 124 91 7 110 24 70 167 91 16 110 17 12 58 56 73 37 58 14 25 74 126 33 52 69 0 93
80 60 92 87 44 80 95 49 90 88 44 92 76 42 25 3 120 11 13 109 13 9 105 25 20 120 90 85 177 25 3 120 119 109 125 22 102 122 89 85 23 126 96 23 105 80 24 88
69 25 63 66 9 51 74 20 57 77 9 63 89 15 122 22 93 109 21 68 109 25 75 122 1 93 57 64 148 122 22 93 14 86 80 5 31 42 20 95 56 44 65 57 98 112 87 109
35 26 15 36 10 3 44 23 9 43 10 15 63 12 74 112 94 88 123 74 82 121 78 74 103 94 9 38 151 74 112 94 37 62 11 65 4 92 43 54 52 7 30 91 1 38 80 2
43 8 66 44 24 78 36 5 68 35 24 66 55 30 7 120 76 31 122 91 16 117 89 7 111 76 68 46 133 7 120 76 64 120 2 110 103 22 109 126 66 14 111 65 100 116 63 24
2 3 12 5 19 0 13 14 10 10 19 12 30 21 73 81 71 81 92 94 80 82 86 73 70 71 10 7 142 73 81 71 30 62 12 51 83 28 21 32 78 78 59 38 60 32 47 30
80 32 80 87 48 92 95 45 86 88 48 80 76 54 21 3 100 3 13 115 2 8 116 21 20 100 86 85 173 21 3 100 85 87 126 73 105 44 67 12 120 25 1 20 30 114 37 95
83 42 77 84 58 65 92 39 75 91 58 77 79 60 8 0 110 16 13 124 28 10 119 8 23 110 75 86 167 8 0 110 111 79 97 79 96 17 102 16 35 23 14 48 13 100 43 89
68 50 27 67 34 23 75 63 29 76 34 27 88 36 94 23 118 77 26 110 78 25 98 94 0 118 29 65 191 94 23 118 14 20 120 0 74 127 91 18 30 85 81 4 28 10 23 39
80 24 88 87 8 84 95 21 94 88 8 88 76 14 29 3 92 12 14 78 13 12 79 29 20 92 94 85 149 29 3 92 76 83 95 4 9 6 9 5 10 108 17 83 81 111 89 100
10 92 65 13 76 77 5 81 71 2 76 65 22 74 4 89 24 22 90 1 29 83 1 4 78 24 71 15 209 4 89 24 118 77 17 107 44 26 84 50 86 74 30 13 83 64 89 20
79 38 73 72 54 69 64 43 79 71 54 73 83 48 12 28 98 24 18 119 25 21 113 12 11 98 79 74 171 12 28 98 92 96 127 72 9 108 109 28 117 123 75 52 3 22 123 18
34 63 33 37 47 45 45 50 39 42 47 33 62 41 100 113 123 114 122 105 114 123 111 100 102 123 39 39 178 100 113 123 53 34 120 98 6 97 9 27 50 35 105 35 60 20 16 43
46 85 30 41 69 18 33 88 24 38 69 30 50 67 91 125 17 76 116 7 76 113 8 91 106 17 24 43 216 91 125 17 22 6 2 3 8 21 82 110 110 21 28 10 33 23 97 45
61 34 87 58 50 91 50 47 81 53 50 87 33 52 18 110 102 6 108 127 4 99 126 18 121 102 81 56 175 18 110 102 27 124 19 67 4 121 30 27 118 16 9 104 72 127 1 93
74 85 23 77 69 27 69 88 17 66 69 23 86 67 82 25 17 65 27 7 68 20 2 82 14 17 17 79 216 82 25 17 3 108 100 32 122 101 8 29 28 69 89 112 62 88 85 20
2 76 93 5 92 81 13 65 91 10 92 93 30 90 24 81 8 12 82 17 9 94 28 24 70 8 91 7 193 24 81 8 9 33 97 120 15 81 22 35 80 100 33 125 70 95 111 110
32 79 8 39 95 4 47 66 14 40 95 8 60 89 77 115 11 90 127 29 85 126 11 64 105 72 1 160 11 87 105 94 0 110 24 27 43 88 76 111 23 93 14 20 58 46 76
78 22 27 73 6 23 65 27 29 70 6 27 82 0 94 29 82 79 17 75 70 31 71 94 10 82 29 75 155 94 29 82 23 18 17 11 26 17 27 111 5 83 125 85 79 118 5 74
37 50 63 34 34 51 42 63 57 45 34 63 57 36 122 118 118 98 116 99 108 120 102 122 97 118 57 32 191 122 118 118 58 109 57 16 55 119 32 21 14 28 43 60 120 16 39 8
40 58 94 47 42 82 39 55 88 32 42 94 52 44 27 123 126 9 118 108 10 113 109 27 108 126 88 45 183 27 123 126 83 108 39 98 35 4 96 7 49 70 12 97 120 42 50 83
55 48 13 48 32 1 56 61 11 63 32 13 43 38 72 100 116 94 104 101 92 111 96 72 115 116 11 50 189 72 100 116 47 96 60 87 47 22 52 24 10 55 27 96 22 117 9 25
86 33 14 81 49 2 89 44 8 94 49 14 74 55 75 5 101 82 7 115 83 10 125 75 18 101 8 83 172 75 5 101 9 2 34 45 76 106 91 107 123 5 4 40 64 5 4 44
82 87 3 85 71 15 93 90 5 90 71 3 78 65 70 1 19 82 2 11 84 15 1 70 22 19 5 87 218 70 1 19 59 12 112 1 97 15 66 94 119 41 83 79 16 11 75 4
31 64 31 24 80 19 16 77 25 23 80 31 3 86 90 76 4 78 69 29 73 79 19 90 91 4 25 26 205 90 76 4 65 66 103 80 55 85 48 94 20 67 72 116 31 58 82 30
83 30 81 84 14 93 92 19 87 91 14 81 79 8 20 0 90 0 9 73 3 15 72 20 23 90 87 86 147 20 0 90 18 30 14 74 106 45 106 127 40 86 85 59 78 100 6 118
39 88 17 32 72 29 40 85 23 47 72 17 59 78 84 116 28 77 126 9 71 123 11 84 99 28 23 34 213 84 116 28 64 29 124 72 15 4 51 105 18 29 21 73 22 55 127 48
7 46 57 0 62 53 8 35 63 15 62 57 27 56 124 84 106 107 88 114 111 88 106 113 78 41 48 135 106 102 78 14 5 58 112 120 52 0 37 58 0 117 75 40 61 50 36
35 33 68 36 49 72 44 44 66 43 49 68 63 55 1 112 101 25 125 125 20 121 118 1 103 101 66 38 172 1 112 101 120 100 119 105 114 107 78 115 117 72 17 116 110 97 37 121
89 70 84 94 86 88 86 75 82 81 86 84 69 80 17 10 2 8 2 21 5 2 19 17 29 2 82 92 203 17 10 2 112 103 65 26 26 76 125 25 97 23 98 19 73 126 81 22
28 6 80 27 22 92 19 11 86 20 22 80 0 16 21 79 66 13 68 81 0 77 66 24 85 1 89 156 66 15 85 41 126 60 20 110 56 12 16 62 52 114 2 65 70 51 53
91 19 91 92 3 87 84 30 93 83 3 91 71 5 30 8 87 11 7 79 6 6 67 30 31 87 93 94 158 30 8 87 88 93 72 116 24 74 125 86 74 87 22 29 93 66 44 90
40 77 85 47 93 89 39 64 83 32 93 85 52 91 16 123 9 7 113 25 9 117 28 16 108 9 83 45 192 16 123 9 91 61 114 3 23 13 14 118 107 126 115 106 121 11 111 8
48 63 38 55 47 42 63 50 32 56 47 38 44 41 99 99 123 112 107 98 118 111 123 110 121 56 47 176 123 121 121 61 59 36 56 26 4 119 43 122 43 30 28 60 20 10 15
29 86 50 26 70 62 18 91 52 21 70 50 1 64 119 78 18 111 77 4 110 67 2 119 89 18 52 24 219 119 78 18 32 95 11 63 47 10 22 12 1 16 38 0 31 24 67 0
49 11 93 54 27 81 62 6 91 57 27 93 45 29 24 98 79 14 111 88 1 104 91 24 117 79 91 52 134 24 98 79 81 41 22 21 20 37 101 36 77 78 113 1 83 51 43 110
78 13 40 73 29 36 65 0 46 70 29 40 82 27 109 29 73 124 17 91 120 16 93 109 10 73 46 75 128 109 29 73 98 16 58 118 10 67 34 3 56 34 118 91 125 92 72 121
2 77 2 5 93 14 13 64 4 10 93 2 30 91 71 81 9 80 94 28 81 90 30 71 70 9 4 7 192 71 81 9 20 26 112 13 61 12 54 73 115 38 36 78 80 91 29 60
95 32 21 88 48 25 80 45 19 87 48 21 67 54 80 12 100 66 6 115 66 4 114 80 27 100 19 90 173 80 12 100 14 119 103 57 92 51 35 0 50 58 117 120 32 125 46 70
83 87 49 84 71 61 92 90 55 91 71 49 79 65 116 0 19 109 14 11 103 10 1 116 23 19 55 86 218 116 0 19 40 87 67 11 100 122 62 84 21 41 75 126 127 23 10 3
33 9 76 38 25 64 46 4 74 41 25 76 61 31 9 114 77 27 121 92 28 123 93 9 101 77 74 36 132 9 114 77 124 41 59 81 13 22 16 40 39 76 11 47 24 19 74 72
28 56 66 27 40 78 19 53 68 20 40 66 0 46 7 79 124 20 69 104 16 68 101 7 88 124 68 25 181 7 79 124 29 17 3 122 42 11 13 80 43 15 94 25 64 34 125 0
50 83 17 53 67 29 61 94 23 58 67 17 46 69 84 97 23 77 98 15 77 105 2 84 118 23 23 55 222 84 97 23 7 127 70 89 35 113 19 111 111 79 112 25 38 20 84 13
51 92 10 52 76 6 60 81 12 59 76 10 47 74 79 96 24 90 104 14 88 110 14 79 119 24 12 54 209 79 96 24 29 33 86 21 104 100 17 110 79 42 45 74 45 19 9 47
3 46 59 4 62 55 12 35 61 11 62 59 31 56 126 80 106 108 90 121 103 90 106 115 74 41 50 131 106 100 74 9 24 56 99 105 6 10 124 4 61 61 67 29 113 18 119
42 7 81 45 23 93 37 10 87 34 23 81 54 17 20 121 67 2 113 80 1 114 81 20 110 67 87 47 138 20 121 67 29 54 92 118 44 73 77 30 90 81 4 68 77 123 13 18
75 47 17 76 63 29 68 34 23 67 63 17 87 57 84 24 107 69 20 125 76 16 120 84 15 107 23 78 162 84 24 107 23 22 127 56 117 124 69 78 38 79 21 32 70 3 60 73
17 64 50 22 80 62 30 77 52 25 80 50 13 86 119 66 4 101 76 20 99 64 23 119 85 4 52 20 205 119 66 4 11 36 101 55 0 69 96 9 31 116 80 114 113 52 64 9
67 67 49 68 83 61 76 78 55 75 83 49 95 85 116 16 7 97 29 23 101 19 22 116 7 7 55 70 206 116 16 7 16 69 70 111 125 97 112 100 116 126 87 87 118 99 4 29
84 76 85 83 92 89 91 65 83 92 92 85 72 90 16 7 8 4 15 31 7 5 16 16 16 8 83 81 193 16 7 8 22 96 22 70 75 85 18 111 14 25 92 117 119 25 113 117
36 59 38 35 43 42 43 54 32 44 43 38 56 45 99 119 127 114 124 103 99 96 127 32 33 182 99 119 127 39 110 58 42 63 54 39 9 22 101 121 121 101 23 2 114
18 32 48 21 48 60 29 45 54 26 48 48 14 54 117 65 100 98 72 115 96 79 114 117 86 100 54 23 173 117 65 100 56 9 25 31 53 120 96 78 21 120 50 33 28 71 25 35
63 47 68 56 63 72 48 34 66 55 63 68 35 57 1 108 107 20 111 115 24 103 114 1 123 107 66 58 162 1 108 107 71 102 48 105 18 21 30 123 96 92 117 105 116 100 1 31
31 10 36 24 26 40 16 7 34 23 26 36 3 28 97 76 78 120 69 94 114 66 89 97 91 78 34 26 135 97 76 78 125 13 83 16 34 56 1 69 64 123 45 29 120 17 59 114
3 9 78 4 25 66 12 4 72 11 25 78 31 31 11 80 77 18 93 85 25 88 93 11 71 77 72 6 132 11 80 77 14 18 41 4 86 19 18 53 65 126 12 24 125 50 88 80
21 70 31 18 86 19 26 75 25 29 86 31 9 80 90 70 2 75 76 27 74 77 18 90 81 2 25 16 203 90 70 2 22 82 118 68 73 12 15 47 65 72 45 27 22 71 91 45
82 93 41 85 77 37 93 80 47 90 77 41 78 75 108 1 25 116 13 13 117 10 10 108 22 25 47 87 208 108 1 25 119 12 98 14 72 12 97 109 109 109 66 67 58 115 120 16
21 79 43 18 95 39 26 66 45 29 95 43 9 89 110 70 11 125 69 24 118 73 25 110 81 11 45 16 194 110 70 11 106 91 27 53 72 18 58 67 92 32 11 65 25 20 96 50
24 74 11 31 90 7 23 71 13 16 90 11 4 92 78 75 14 87 66 30 92 68 28 78 92 14 13 29 199 78 75 14 4 9 101 87 45 115 0 55 115 9 10 83 30 72 108 88
50 4 42 53 20 38 61 9 44 58 20 42 46 18 111 97 64 123 104 87 122 99 64 98 123 3 35 178 64 117 123 68 17 114 92 1 5 56 123 119 59 122 56 71 60 54 91
76 47 22 75 63 26 67 34 16 68 63 22 80 57 83 31 107 64 28 124 67 18 120 83 8 107 16 73 162 83 31 107 22 17 22 78 74 33 70 8 21 71 87 39 1 9 14 63
8 16 45 15 0 33 7 29 43 0 0 45 20 6 104 91 84 112 86 65 121 81 69 104 76 84 43 13 157 104 91 84 116 75 51 13 9 77 2 6 55 111 34 25 33 45 23 17
33 18 55 38 2 59 46 31 49 41 2 55 61 4 114 114 86 97 113 66 107 124 64 114 101 86 49 36 159 114 114 86 108 98 25 50 46 88 54 38 50 121 97 37 105 52 32 10
2 57 47 5 41 35 13 52 41 10 41 47 30 47 106 81 125 114 92 109 125 94 111 106 70 125 41 7 180 106 81 125 24 82 126 20 83 124 24 63 63 17 31 47 30 59 119 34
26 17 3 29 1 15 21 28 5 18 1 3 6 7 70 73 85 83 75 70 84 74 67 70 94 85 5 31 156 70 73 85 23 22 35 22 14 63 28 79 13 53 94 35 24 50 56 37
59 84 19 60 68 31 52 89 21 51 68 19 39 66 86 104 16 65 106 7 70 98 16 91 114 83 26 187 16 76 114 97 80 42 110 89 61 8 70 43 27 19 0 28 19 46 123
19 60 19 20 44 31 28 49 21 27 44 19 15 42 86 64 120 71 72 108 66 72 106 86 87 120 21 22 177 86 64 120 3 23 9 38 47 61 31 16 14 18 71 37 34 26 51 54
53 84 58 50 68 54 58 89 60 61 68 58 41 66 127 102 16 103 105 5 104 101 8 127 113 16 60 48 217 127 102 16 24 26 127 1 107 81 11 63 1 9 31 93 101 11 103 9
43 44 74 44 60 70 36 33 76 35 60 74 55 58 15 120 104 27 122 123 27 115 127 15 111 104 76 46 161 15 120 104 84 15 98 103 105 105 116 38 25 26 30 120 94 26 22 6
